21 243 293 165 215 399 147 119 397 263
109 319 371 79 5 59 45 373 343 395
115 253 325 227 185 159 377 205 71 279
153 225 295 99 239 363 139 255 177 245
223 181 329 337 393 113 221 7 369 303
277 349 13 89 333 259 179 203 249 67
357 29 209 351 323 241 141 101 157 151
85 383 341 281 315 127 233 19 345 111
9 207 353 155 161 95 53 131 171 265
213 103 287 313 389 39 217 189 43 61
17 49 335 51 269 283 3 77 107 367
75 123 167 93 175 169 211 33 237 297
149 387 35 47 327 361 41 83 11 191
355 143 173 137 25 251 135 347 31 331
57 55 97 359 65 27 229 199 311 309
69 257 231 401 273 375 305 63 117 271
15 37 235 339 275 381 307 299 301 23
195 187 321 317 121 247 129 379 183 73
133 289 91 385 87 145 391 365 197 125
163 261 219 201 81 267 285 291 105 193
