1125 1980 585 1230 15 1650 1350 885 870 1665
2250 795 1185 1755 1020 225 2355 2730 2325 1050
825 2880 3000 255 360 2865 630 2940 1155 2040
2280 2115 570 540 930 1890 2910 2100 2745 2160
150 315 2520 2295 180 1305 1095 1845 2550 240
2415 615 975 345 1245 2670 135 1740 2895 1365
1590 1200 2820 1215 1920 1560 2835 2010 555 2070
1395 2190 1695 2565 960 1380 330 1605 1005 2400
1440 1815 1530 450 1905 2265 1965 2220 2580 720
1290 1035 600 2505 675 2235 195 1335 2055 2475
1425 1455 840 765 30 1800 1485 1875 375 750
1680 45 2970 1575 1170 645 75 120 495 2025
1995 1620 2925 2760 1545 1065 945 2985 2145 2955
480 1710 855 2655 2535 420 2625 1275 1635 2595
2790 405 300 2805 1260 915 705 90 1785 2685
435 2610 2430 2700 660 2310 525 1830 2205 1770
2640 1515 1725 270 210 1140 1860 1320 2175 1080
1410 810 285 2130 2775 1950 2445 2340 165 510
2715 1470 735 1110 1500 2460 2850 780 900 465
390 2085 2490 990 2385 60 2370 1935 105 690
