   -1.793750E+02   -5.000000E-01    1.200000E+01    4.083455E-01    2.664940E+02
   -1.793750E+02   -5.000000E-01    3.000000E+01    4.443908E-01    1.227431E+01
   -1.793750E+02   -5.000000E-01    5.600000E+01    1.317288E+00    2.612766E+00
   -1.793750E+02   -5.000000E-01    9.200000E+01    5.122799E+00    8.783560E-03
   -1.793750E+02   -5.000000E-01    1.400000E+02    2.243724E+01    6.903660E-03
   -1.793750E+02   -5.000000E-01    2.020000E+02    1.282278E+02    6.858015E-03
   -1.793750E+02   -5.000000E-01    2.800000E+02    1.908214E+02    7.122076E-03
   -1.793750E+02   -5.000000E-01    3.760000E+02    2.604031E+02    6.709784E-03
   -1.793750E+02   -5.000000E-01    4.920000E+02    2.381043E+02    7.043951E-03
   -1.793750E+02   -5.000000E-01    6.260000E+02    3.285792E+02    6.737733E-03
   -1.793750E+02   -5.000000E-01    7.760000E+02    2.347342E+02    6.872450E-03
   -1.793750E+02   -5.000000E-01    9.400000E+02    5.980927E+02    6.738089E-03
   -1.793750E+02   -5.000000E-01    1.116000E+03    3.306464E+03    6.744242E-03
   -1.793750E+02   -5.000000E-01    1.302000E+03    2.228321E+03    6.757118E-03
   -1.793750E+02   -5.000000E-01    1.496000E+03    1.829404E+03    6.770267E-03
   -1.793750E+02   -5.000000E-01    1.696000E+03    2.007909E+03    6.782955E-03
   -1.793750E+02   -5.000000E-01    1.900000E+03    2.091684E+03    6.795918E-03
   -1.793750E+02   -5.000000E-01    2.106000E+03    1.435309E+03    6.810288E-03
   -1.793750E+02   -5.000000E-01    2.312000E+03    1.477367E+03    6.824295E-03
   -1.793750E+02   -5.000000E-01    2.518000E+03    1.683083E+03    6.840369E-03
   -1.793750E+02   -5.000000E-01    2.724000E+03    1.674321E+03    6.862911E-03
   -1.793750E+02   -5.000000E-01    2.930000E+03    1.923573E+03    6.899096E-03
   -1.793750E+02   -5.000000E-01    3.136000E+03    2.775865E+03    6.968491E-03
   -1.793750E+02   -5.000000E-01    3.342000E+03    7.330926E+03    7.115072E-03
   -1.793750E+02   -5.000000E-01    3.548000E+03    1.028489E+04    7.369047E-03
   -1.793750E+02   -5.000000E-01    3.754000E+03    1.394389E+04    7.796592E-03
   -1.793750E+02   -5.000000E-01    3.960000E+03    1.468939E+04    8.775754E-03
   -1.793750E+02   -5.000000E-01    4.166000E+03    7.896559E+03    1.161023E-02
   -1.793750E+02   -5.000000E-01    4.372000E+03    2.346405E+03    2.042281E-02
   -1.793750E+02   -5.000000E-01    4.578000E+03    1.353945E+03    4.880260E-02
   -1.793750E+02   -5.000000E-01    4.784000E+03    1.579607E+02    1.428485E-01
   -1.793750E+02   -5.000000E-01    4.990000E+03   -1.000000E+30   -1.000000E+30