01100000000111010110110001011101
00111001100000111100011111011101
10000101100101011101010000111010
01100111111111000011111010110010
00001000111000010100010011100000
11001010101001111111011100101000
11001101011010101011110010000101
01110100111010001110000001000110
00101010100100110100100111110010
01011100101011110111000111111011
11001010100010111001001110000110
10000101011110101101011111011110
10001011111010101101011101010010
01010111000001010010101011111111
01101001001010110010000111110001
01111101101001101000001000101111
11000000010000100101011000011000
10110111001100100110000000100101
11100011000011110010111110100011
10101011110001101000110001001011
01111010110101111100101111111000
11111010101110111110101000111110
01111111100001100101100101111001
11110001100101100000001010001000
11101110010011011011010010000011
10110110010110101001101100100010
11110010010111101101110111100101
01001101000110011001100110111101
00111111011111011000001000111001
01101011100111001010000111001100
01011100011101011110111011100101
00010110011001100100010101010000
10111111001001000000110000110111
11010100000011011111011010101110
00101001001110011101111011000000
00010010001001110101000110110110
11011111101010101011010101001110
01010101001101101111000010101011
11010000000111100011011010000111
01011110111010010101001101111001
11000001111011000010001110000001
10110000110100101001010110011000
00010011010001111101111011001011
01001101100101010011100110100011
10111100001011100011010110100110
10100110000101100110000001000101
11011111110110111111111111110010
11100111001100011000101011001100
01100011000011101010001111100110
10010101011101111011100010111010
01001011110101010001001000100100
00111000100100000011101110111000
01111001000001011100010111011010
10110101101010111111010111001101
00001011011010101001000111110000
00110000110011100110101110010000
01001001011100001101110000000010
11001011111011010100000000100001
10000100010000101100110111101110
11111111011000011110001110111110
00011111101110001011000110001011
01100011010111001111110011101001
11111111011101110001110101111100
00111011000011011000101111000101
10000110111001111011010001000111
10111001111101011101011000101010
00100111000010001000110111100000
00001110010110011010110111110010
00111011001101011100101011111001
01001011001011001010000111101110
00010110000110000100100111110110
11110010010000001110111101000101
01000110010011100001100110111101
00001111010101101100101010101101
10001101000111100100010110101111
11100111110001011011110011011000
11101010011001110001000100010010
00011111001001001011111101000100
00111001110100100011000000000100
11111100001100111001111111110110
00111100011000110001110001010110
00011011100101011000111001110010
01011111010001101001111100010010
11111001101011011000011010110111
00011000100010101101011111010110
01010011001101110101100011010110
01100110110101101110100010111100
01000011111100111111101001100100
10110011100100111000000111111110
10100011001000010011010101010011
01111100110110001111011001001110
01100101100010001111001001011011
10110101001100111000110111001010
01100110111110001000111001011010
10011000111001011110001011111010
01011010100111000100110111001111
01001100110000000001000110101010
11000011111111111111110000010110
01000111001010110001010010110110
00101000110011110010110011110101
11101100001000100001101111000011
10110010000010010010001011010101
10010000001101110010000010111011
01001000111110010111101100000110
11000101000101010000011011001100
11010100100110000000111101111110
00101110111110100100011010001100
11000101000001000000011111110110
01001111101111100000111100011111
01110011000000000001010010101010
00100001101101101101000111100000
00000011100111010000001100000000
00111000111001111010011011000000
11100001111111001001100010011100
01001010110000110101100110001000
00010001100101010000101011000000
01101110111001111110000110110010
11000000110001110000001111111000
10000000100111011001110001110111
01101100101010000011101011110110
00100101000100000101111101010110
00000110111111111110101110011001
00101100001011100011101001001010
01000100100010110011000110110010
11010101100001111001000001100011
11100111111001111110010011111000
11000010110001110010011100010001
00100100000011100100011111011011
10011011111011010110001010100001
10100001010100001110100001010001
01110100101111000101101001100110
10110011000110011001111100101010
00100011000100001010101000010100
01100010000100111010000001100110
10110011010101011011001110110001
01011100101111001110101000001011
11001000011111100000010100110101
01011010001111101000101110011110
01111111110100110111101011000100
00011110011010011111001111100000
00010110011011110000011011011001
10011111001011101100000110100111
11000011011000011011011110101010
10000110000000011101111010001000
00000100111111000101010010000110
11011100010100001000100000111011
10001011110110010011010011111100
10101010110000100000100110001000
01011100001000101100101001011010
01110101111110101110000000011111
11010000101101100000111111000011
10110110111000001010101111111110
10011111001011101001010101000101
10110000111000010000101101101000
01101110000000000001111100110101
01101001010010000011100010111100
10000011111110100010100001111010
01000111110011010011011010100100
00101000101001001111101001010010
00111100111101100011011101001101
01110110001011001010111101100110
10111111110100110011100011001100
00111110011010101110100110100100
10101011101110101001010011010110
11001111000101101110010000101100
01010100101010010110010010011111
00001111101111010110000100011001
00011101110000101101100111001001
00001110011110101010011101011000
01010110001111101011101001111011
11010110011100110000110101011000
10100100001000111110111101101101
00101101111010101000110111100010
11010011000011010110100001001110
01101001101001000100100100111010
10001010110100111111010010100000
01011010101100000110010111001001
10110011011111111011111101111111
10000111000001111100011100001111
11100011111100011010011011011100
01011100011011110110000111000011
11011011110001100000010000001110
10100011101111101111000100110011
00010101111000011001011010110011
11010011100100010010100000000111
01101010011001100011010010101011
00110000010010010101101000011001
01010010000100000011111110100110
10110110111111110101000101001100
10101000101010011001011001010110
10000001010010110001111100111010
11011010110011111000100001111010
11001100000100010101101110000111
01010010111111010011000110011111
01001100111000010101110010011101
01110101010110001010111101010010
10100110111011000111100110011110
00000001101110111010011100011111
00100011000100100001100101010010
00000110000001001110100110010100
00000010010001010011010100000010
11011111011000100110011001100001
10010100001100101100010001001011
11010011000011000001111000000011
11001010010101011001111011001111
00110010100110000010000100111101
11011010010110101101100100111100
10100010011111100111101100011010
10110000110001101000010010101010
00110111111110001001100011000100
11111100001101111010010101100110
11111101101000000000000011111010
00111100111011001000000111001101
00111000101000100010111100100000
01011001011011111010101111111100
00100111101010000101000111000001
00111000011001000100101000000111
10000011101111010001011010101010
11011100110010010010101100110011
10101101101001101011100101101000
01000011101101011100100111101100
00011100101111100111010100011010
11100100111010110010111111010011
10101101011100100001110111011100
11000010010011001010101011100101
01001111011001011111111001010101
00110010100100010001100110011101
10110000001010010001000111100101
11101101110010110001010101001010
10001011011111101111011011001000
01001111101010001100110001011011
11110001110010110111011001111011
10011010010111010100110101101010
01011111001111101100111100100001
10011001011110101000110101100011
00000110001101101100101101101111
10111111101010000001100111100011
01010111001101000011010111111110
01101011010100101111011100101001
11100110001001110010000001001010
01100000000111010110110001011101
