141 134 334 90 310 110 339 223 203 274
35 10 247 283 311 191 318 239 322 76
210 3 41 214 242 28 286 118 353 263
92 266 320 55 259 137 68 302 273 321
85 146 166 154 102 189 335 188 313 298
23 238 194 297 1 200 201 182 303 87
46 292 343 230 233 181 32 114 290 27
21 260 123 279 175 350 59 50 285 25
39 252 11 197 269 113 330 164 305 129
190 109 65 33 184 139 156 282 324 345
49 2 251 288 107 54 278 119 83 216
222 272 337 257 160 149 135 294 128 142
121 199 344 204 325 258 40 138 112 333
20 326 176 340 122 207 148 293 212 276
111 262 224 36 45 246 331 79 74 158
4 104 196 171 124 240 159 267 84 30
61 202 211 80 241 127 208 42 332 301
77 299 347 221 13 220 261 193 348 346
329 58 169 44 67 89 145 291 29 306
264 66 161 304 95 198 96 150 152 328
47 172 116 352 60 234 133 75 287 217
163 12 327 9 228 144 351 97 316 117
115 168 237 7 153 43 307 226 81 315
319 22 143 69 15 281 140 317 314 229
17 177 300 270 165 86 88 103 167 255
170 268 342 312 131 341 64 232 277 173
56 245 323 336 244 186 120 187 8 218
275 98 243 51 151 126 91 206 254 155
256 250 73 195 34 82 180 295 349 231
309 19 18 215 38 71 130 99 105 108
209 280 271 125 157 289 338 132 179 235
52 136 162 14 147 284 213 70 101 94
72 265 219 225 24 6 93 174 106 249
62 26 78 227 236 53 192 5 253 185
57 37 31 296 183 248 100 178 205 48
308 63 16
