973 534 276 613 673 427 772 829 931 200
213 236 691 374 1234 383 424 301 584 727
329 307 513 1050 1150 916 628 1041 744 1128
1000 916 629 349 691 939 975 1040 729 585
939 613 902 168 931 648 1214 655 561 300
802 1103 719 319 173 414 871 659 1083 356
301 1150 160 274 800 1215 566 471 469 298
322 745 624 439 363 638 656 895 430 970
460 645 326 676 504 170 1080 620 645 494
293 423 523 712 865 721 1038 80 906 1240
182 311 912 425 1068 519 556 404 1058 321
1003 282 913 427 918 629 281 720 854 255
391 1000 715 431 699 799 1065 367 350 990
439 980 1210 924 802 810 984 738 434 249
959 781 253 225 388 932 822 1127 909 899
319 434 1048 1195 1152 547 1008 452 818 612
807 1059 404 1003 887 710 275 887 933 1081
755 507 526 919 1161 746 359 747 258 1019
299 425 849 633 816 240 1089 618 1038 569
327 831 1043 902 207 420 984 889 680 321
781 204 337 182 1073 257 332 667 627 911
443 567 615 133 997 526 228 718 889 47
796 146 675 960 1071 722 306 734 870 772
539 633 1084 1033 969 482 811 1160 793 580
226 782 583 103 622 509 613 520 690 975
353 823 628 570 967 1063 738 944 1072 963
441 505 461 1059 535 1024 294 635 749 96
1182 338 437 448 691 990 461 219 318 422
655 627 294 1057 419 1088 918 274 823 155
966 318 121 556 468 1046 1132 774 318 792
781 588 361 1017 846 1045 755 836 1128 267
579 891 284 776 478 542 441 895 1021 1094
346 799 362 664 311 634 586 50 814 1025
503 542 373 446 744 856 1231 979 140 1175
1056 1039 770 583 200 915 1160 1137 1085 257
229 315 
